6
12
16
23
25
27
29
30
31
33
42
44
48
49
51
52
60
71
72
73
81
83
84
87
99
100
101
104
116
122
131
137
139
142
143
144
145
146
160
175
183
233
235
239
245
251
275
279
282
289
291
295
297
299
301
304
306
307
309
310
312
314
329
340
355
365
368
384
385
388
389
391
397
399
400
416
419
420
425
438
439
448
451
456
458
465
466
467
469
473
474
476
477
479
481
482
484
491
492
527
531
534
536
550
551
555
563
574
575
578
584
602
606
612
623
625
626
629
630
638
641
644
652
663
683
692
706
708
709
722
728
745
746
748
749
750
766
767
782
789
792
798
813
814
822
823
824
825
826
827
828
834
838
840
841
850
851
877
886
888
902
905
907
912
921
922
926
930
931
938
939
942
949
951
952
966
967
969
972
977
985
988
992
993
995
1003
1005
1015
1016
1017
1018
1020
1025
1028
1029
1030
1032
1033
1034
1036
1038
1040
1041
1042
1065
1073
1077
1079
1085
1099
1101
1109
1123
1124
1130
1135
1137
1153
1154
1157
1179
1184
1192
1211
1217
1235
1238
1245
1262
1280
1297
1299
1300
1302
1303
1322
1323
1329
1334
1341
1363
1368
1372
1409
1410
1416
1446
1450
1452
1463
1474
1479
1493
1501
1505
1506
1508
1511
1545
1546
1557
1559
1560
1571
1576
1586
1595
1614
1630
1635
1641
1665
1735
1777
1821
1833
1860
1861
1863
1901
1904
1910
1915
1923
1958
1983
1999
2011
2041
2061
2081
2084
2174
2179
2185
2210
2212
2222
2234
2319
2335
2377
2379
2471
2524
2562
2596
2600
2677
2710
2717
2778
2797
2801
2803
2805
2822
2839
2843
2969
3002
3061
3065
3138
3142
3210
3275
3363
3401
3472
3584
3630
3633
3659
3668
3688
3721
3813
3816
3841
3937
3959
4027
4117
4145
4188
4296
4392
4524
4828
4834
5072
5111
5149
5214
5386
5487
5942
6017
6104
6168
6422
6488
6821
7596
7672
7782
7866
8095
8102
8207
8416
8519
8532
8949
9705
10148
12119
12539
13054
13922
15937
16175
17273
17348
17370
24877
26705
28776
29919
30684
33922
43313
49551
51767
