39.6117			23.07
31.3818			12.1824
24.8618			6.9409
19.6963			5.7178
15.6041			2.4491
12.3621			1.8719
9.7937			2.0178
7.7589			0.5591
6.1469			0.2988
4.8698			0.2442
3.8580			0.234
3.0564			0.0530
2.4214			0.0664
1.9183			0.0220
1.5198			0.0148
1.2040			0.0112
0.9539			0.0004
0.7557			0.0004
0.5987			0.0002
0.4743			0.0002
0.3758
0.2977
0.2358
0.1868
0.1480
0.1173
0.0929
0.0736
0.0583
0.0462
0.0366
0.0290
0.0230
0.0182
0.0144
0.0114
0.0090
0.0072
0.0057
0.0045
0.0036
0.0028
0.0022
0.0018
0.0014
0.0011
0.0009
0.0007
0.0006
0.0004
0.0003
0.0003
0.0002
0.0002
0.0001
0.0001
0.0001
0.0001
0.0001
0.0000
0.0000
0.0000
0.0000
0.0000
0.0000
0.0000
0.0000
0.0000
0.0000
0.0000
0.0000
0.0000
0.0000
0.0000
0.0000
0.0000
0.0000
0.0000
0.0000
0.0000
0.0000
0.0000
0.0000
0.0000
0.0000
0.0000
0.0000
0.0000
0.0000
0.0000
0.0000
0.0000
0.0000
0.0000
0.0000
0.0000
0.0000
0.0000
0.0000
0.0000
